7.25 10 10 
7.5 10 10 
7.75 9.75 10 
8 9.5 10 
8 9.75 10 
8 10 9.75 
8.25 9.5 10 
8.25 9.75 9.75 
8.25 10 9.75 
8.5 9.25 10 
8.5 9.75 9.75 
8.5 10 9.5 
8.75 9 10 
8.75 9.25 10 
8.75 9.5 9.75 
8.75 10 9.5 
9 9 10 
9 9.25 9.75 
9 9.5 9.75 
9 9.75 9.5 
9.25 8.75 10 
9.25 9.25 9.75 
9.25 9.5 9.5 
9.25 9.75 9.5 
9.25 10 9.25 
9.5 8.5 10 
9.5 8.75 10 
9.5 9 9.75 
9.5 9.5 9.5 
9.5 9.75 9.25 
9.5 10 9.25 
9.75 8.5 10 
9.75 8.75 9.75 
9.75 9 9.75 
9.75 9.25 9.5 
9.75 9.75 9.25 
9.75 10 9 
10 8.25 10 
10 8.75 9.75 
10 9 9.5 
10 9.25 9.5 
10 9.5 9.25 
10 10 9 
